000
1803329458
1772785872
1822543117
1801833776
1709164018
1738862680
1364912550
565842628
543664369
1201463561
528089069
968904600
720602087
1768565569
1647227655
1656548783
1739038165
1496166556
594472380
1235578130
1784127692
1477519598
1596263284
751090120
1871187891
1731942964
1419048743
469944682
1532851355
567977882
1363662749
1714305696
1304207225
1737782819
1102562747
1852930307
1846022323
1845092708
1843441848
1807741693
1803643200
1790332841
1784023464
1777377665
1761414819
1754257955
1747589975
1730262887
1726056547
1721487470
1717580994
1716656254
1707690889
1704143788
1682114912
1657372100
1642592751
1635623770
1614707019
1609341842
1540712096
1501087274
1899947139
1895047284
1893885792
1889703005
1888497519
1883951672
1877348982
1870137839
1869910350
1855027560
1855015338
1847920643
1847796601
1843850714
1836127075
1831679507
1826322193
1809723749
1808120678
1805738810
1805649028
1790456992
1786294525
1785683727
1784993715
1784893634
1778956083
1762282207
1759426390
1753718946
1745035352
1740129463
1734835870
1729839196
1725551478
1705643411
1684776112
1630402470
1603161013
1553697455
1498226086
1427918248
1898835578
1878293868
1876986410
1850112001
1846773316
1843812628
1840407259
1826128688
1815912507
1814102541
1806501571
1806496203
1806215388
1805597317
1802253658
1801030876
1798234395
1798089312
1797319786
1796754832
1787742564
1771171768
1769504579
1756432656
1756291081
1755805916
1749548557
1739047301
1728581197
1706936792
1639521312
1633960538
1622985625
1492407893
1896545646
1888892528
1888600551
1881733845
1880635060
1877055605
1876315372
1865609413
1861633181
1853708983
1849715770
1838970025
1827717057
1822930452
1805682782
1803081849
1801186556
1799378714
1798175585
1785555140
1773482564
1769246653
1765261203
1757906358
1751043396
1748326377
1743256105
1742847720
1742549655
1733690420
1722558888
1717465258
1660715814
1654148692
1644166267
1634096741
1628433403
1617515247
1611081832
1610733033
1606801711
1467176800
1450686163
1899388291
1881378624
1875744486
1870347800
1868906357
1852855170
1847448223
1841929921
1841061374
1835041436
1817077139
1806636620
1804180145
1798580659
1798325207
1797387485
1772344634
1766670904
1760473355
1758649006
1752447033
1747290187
1741285299
1730427503
1721853600
1720025614
1717174813
1713295521
1709637171
1709485244
1708726535
1708214833
1707195045
1707029125
1685956666
1682590576
1666518551
1661450735
1610100606
1609815121
1602955107
1593922952
1433619128
1422919773
1309524787
1891163529
1881889184
1880413170
1878321352
1869191202
1867284893
1865512140
1858445388
1853443250
1851332298
1850682811
1840708903
1840228466
1827451544
1827396785
1819925479
1819184555
1802512718
1800274577
1777995609
1777738064
1767160244
1764364034
1744657840
1743410141
1732548981
1721055403
1714117709
1708782817
1662675815
1613992896
1609740869
1897314419
1893869499
1881856662
1877163535
1873022911
1869793832
1848949256
1841910160
1839807125
1837900059
1836280360
1832712082
1814081798
1810439903
1807354078
1805276149
1800913343
1783903560
1775703834
1768418731
1756091973
1751124448
1740891267
1736447956
1733787533
1733733015
1731587323
1729912922
1699064073
1698060812
1677686533
1661919804
1641559555
1638820798
1631004712
1515756320
1436185353
1428988091
1895042554
1894021468
1888673873
1886980142
1878869340
1873316035
1867531322
1861327513
1856784402
1855254145
1845960551
1834209042
1830469268
1829113537
1826438747
1825071423
1811558326
1802160906
1802100038
1786246772
1784925275
1773009445
1761002975
1753452809
1742057157
1726960978
1712087227
1704297525
1693704939
1690992198
1652566970
1643330853
1623301979
1609228891
1608273062
1591661508
1585207954
1540714049
1531178508
1895279497
1872770158
1858140864
1856766776
1855926087
1854029867
1852780806
1850127185
1845465606
1844380630
1840756540
1836725889
1835787606
1835323339
1826249269
1799030829
1775359063
1770378794
1764933707
1763241203
1761641008
1758333472
1756291610
1744373572
1729996048
1720931252
1718847007
1716915771
1705047589
1702820931
1666416442
1648816391
1639773143
1602832665
808195519
1897547709
1895846584
1879475002
1871235065
1871036176
1863078475
1843873332
1840314575
1839984613
1839199004
1837945190
1830054801
1819196311
1814273275
1810886169
1803853849
1797281708
1792356354
1785819020
1752644740
1747105942
1742110964
1727620327
1725525017
1712642408
1701542552
1677725947
1657395689
1641092806
1610312809
1600522488
1565758680
1548710352
1875389686
1874817051
1869246209
1863416807
1860541085
1857006112
1845882718
1844969295
1834154655
1831414228
1828748757
1823247228
1821058995
1812660835
1808821516
1808091803
1804428433
1793090610
1791593226
1783117136
1752002722
1744338661
1731783936
1724217519
1712383882
1674285545
1673829046
1673244846
1663068945
1584305974
1508298857
1488669943
1474610486
1896849217
1890225328
1889956139
1887715856
1884944143
1879448807
1875938861
1869849833
1860173208
1849224401
1847719429
1834119346
1825717680
1818411897
1812043662
1806737403
1793398143
1772529193
1757443738
1736078589
1719002324
1714864514
1686071395
1677790625
1655814922
1605938712
1558823109
1526077391
1437159845
1880712091
1878600360
1868299332
1865597217
1856955376
1853763458
1845126975
1836893155
1836507539
1827752253
1818139220
1816221603
1809834597
1808639055
1806943641
1805424520
1805186442
1800560124
1796714947
1789246841
1779147483
1775894213
1775518558
1771345904
1769938632
1768341886
1761530206
1756555291
1744725339
1734573310
1733212991
1719069277
1703087843
1699311611
1666223773
1651432642
1594910494
1572226721
1548761639
1523806406
1475532043
1187864084
1893768986
1876860365
1855607814
1855242881
1853200160
1853106524
1852516651
1850533577
1838926692
1838429727
1831475958
1826927175
1825482391
1801049784
1800077605
1799318832
1797005705
1790859620
1783634234
1782565204
1777507021
1773244855
1764236641
1761262909
1755518884
1745104725
1740128771
1738034340
1691644176
1675254467
1657806904
1560458846
1550437639
1425497463
1897723811
1870742311
1868772522
1861419446
1851181127
1846171451
1843663018
1838766879
1831901453
1823269064
1820123510
1816332018
1815089241
1813469365
1806810236
1804083456
1767782852
1764575381
1764396904
1753211743
1746186989
1721740619
1719654074
1716564163
1715108513
1710526651
1710165485
1708674846
1678968717
1666093357
1659416111
1653104343
1588316828
1562701052
1559440887
1536649822
1503055444
1447091684
1433616066
1898982794
1885890351
1875173107
1869260724
1852483844
1852074217
1848816954
1844787791
1837917593
1828306662
1812737350
1803739091
1796553415
1785869648
1776950162
1771270402
1769453461
1757914602
1751525954
1746463325
1721954802
1719781070
1712610945
1710537993
1709664925
1709563524
1705753926
1615613530
1612786815
1610030507
1541827482
1540823780
1530695654
1529247549
1500858678
1408219862
1400035027
1282393234
1899578242
1899290350
1891884075
1890051987
1885614191
1879488557
1877457714
1877237589
1874804899
1865318954
1862020415
1856294116
1855736824
1841961678
1838326433
1829880265
1824968841
1792647625
1787183600
1785037876
1778726441
1773644402
1770008125
1764473006
1753618749
1748193015
1722331772
1635865056
1609654469
1596153866
1557470203
1552886423
1508379463
1424293120
1899168461
1891186679
1880245604
1876814517
1859710908
1848115157
1824408569
1818226863
1818147319
1817872845
1817378587
1812772710
1806977327
1799709023
1760942157
1751332793
1743050778
1740909457
1739404044
1733628637
1727239785
1726552491
1714158134
1709354995
1704774443
1697125813
1670466947
1616016350
1595789974
1509784228
1894706516
1894364437
1886508911
1880872191
1879098784
1877329638
1877288226
1875717467
1875135571
1873640733
1857292934
1856643724
1849496973
1843135598
1826218393
1825348483
1824878583
1816676511
1814230148
1802714611
1801480232
1787117458
1764240858
1761467878
1760204852
1760051112
1756262876
1746564069
1742872797
1736692620
1735668994
1715088262
1704497104
1674457351
1666275110
1656930298
1648893389
1648345029
1599260062
1896358072
1895578558
1892214628
1876953650
1853281619
1841132058
1833766039
1828732782
1824452989
1805735722
1804366896
1798043235
1785505717
1768144931
1762338838
1761573294
1751275648
1749901109
1740728254
1728623585
1728598401
1726628948
1719277575
1712829962
1710342036
1693810607
1693423213
1652550542
1644807393
1640708834
1640018533
1566873267
718211197
1896993353
1893983971
1888076636
1880595415
1879862953
1878554649
1871666273
1869297609
1864021594
1860487340
1860248954
1857115391
1854114457
1850253339
1845805784
1840624322
1837064360
1834761397
1820664377
1819866446
1815687676
1801318335
1791197421
1784135881
1776650802
1761581813
1759623966
1731423122
1728132753
1720609533
1696426508
1666277256
1655541795
1637953631
1635356182
1566367774
1483743542
1885511555
1883962666
1876403767
1874267608
1860618721
1830857622
1829305053
1829085795
1824373512
1814829403
1800792300
1787881416
1742171433
1726747541
1711661546
1711579050
1711275345
1669703869
1661815161
1604385836
1488326296
1457703844
1312196354
1875473165
1864412054
1858106954
1852739164
1850717835
1826882117
1825057616
1816790736
1805241779
1791849920
1785415147
1769534585
1735013356
1734122910
1728929751
1715131250
1700502110
1686915184
1621160617
1502879102
1486001298
1659143892
1630907395
1617645028
1878453586
1899321008
1820727916
1458309831
1890675932
1856971887
1874726029
1806606999
1850157499
1612895551
1430063228
1870182101
1846659942
1824358772
1728326822
1711983843
1765045163
1705287070
1595668550
1515534502
1836890707
1824689989
1614244274
1429277539
1417042456
1817372637
1813525940
1776000609
1891699413
1879225174
1599408364
1854417461
1831021916
1825019640
1820180595
1754493199
1569446118
1847389166
1845102148
1826624484
1806636820
1767320120
1734868206
1715778573
1708483318
1831154276
1790819045
1786485446
1773421553
1731886403
1722953755
1560140693
1273352576
1890124271
1872014817
1854575043
1848586011
1838380142
1830122753
1826086323
1821999874
1804198175
1784824091
1774463177
1758011756
1751690001
1746871730
1744764349
1737762227
1732948119
1715080868
1710789869
1696281233
1685184411
1670602477
1609264450
1560931510
1889627037
1888499710
1875704446
1875077369
1870569505
1868511829
1863628198
1852926722
1850766575
1846651908
1828210829
1821795327
1816594948
1809616821
1801334527
1800503312
1785547941
1784514285
1778337337
1753413417
1743785239
1732701212
1720962389
1716579525
1662986734
1658421903
1642616329
1626008434
1624298218
1612114582
1607444074
1606382478
1357439391
1898666685
1884093768
1881440542
1877129544
1876840366
1873958100
1870348997
1863012357
1860851817
1859594685
1850866362
1839612922
1835392553
1834025644
1832831838
1816676275
1812456696
1809289403
1809266907
1795856555
1774094178
1771719661
1747737190
1746987118
1737722315
1731280645
1715560951
1685393489
1684817098
1679353355
1665281367
1629979484
1605048166
1573900465
1555847294
1548196729
1512589452
1300921601
1892113765
1891673414
1888872823
1886239770
1883275732
1874035825
1873746183
1872201710
1871321947
1866513021
1865824510
1863514928
1861445809
1859669500
1835992923
1834970616
1832641805
1824901578
1824669403
1823467835
1821746117
1820851132
1816847450
1815577259
1814798997
1804460976
1803351157
1802600754
1797427154
1795264571
1787325313
1783326293
1783241153
1783224401
1781506697
1765897057
1765595571
1746729105
1745529415
1727119546
1726267773
1723166869
1719735078
1708996302
1701535688
1688758965
1674936938
1665055944
1664103345
1649434822
1648417813
1624716171
1613014586
1607748653
1589428219
1569107953
1551146007
1468220088
1451555490
1433220021
1368475092
1305361274
1896356031
1895972692
1891017391
1889160020
1872882210
1871180895
1870655091
1870109690
1869075503
1865275983
1859888749
1856928172
1854075535
1852222347
1849003839
1847307778
1832187936
1827184109
1816540732
1809097338
1805042859
1802550642
1790371868
1786170292
1785328242
1785169347
1776636276
1773463541
1770173325
1764794110
1762522835
1762448092
1760179833
1751920406
1750078568
1749301306
1741223439
1735896074
1705841396
1703222406
1703215511
1683908121
1660335795
1655463793
1644312820
1636975169
1631256684
1615232962
1599427353
1546994353
1528815189
1484150046
1459351063
1401103916
1297580417
1895792698
1894601340
1892892739
1887618312
1887200832
1878911979
1872677962
1871053712
1860036523
1858236525
1852595594
1850125306
1849268525
1848256878
1846363761
1837626134
1834860474
1827641102
1819158101
1815155813
1813363766
1797418671
1794981451
1790482522
1790337151
1784632453
1779965991
1779907178
1777091052
1776443004
1773881633
1766506881
1764558657
1764431631
1745231983
1724521297
1707614467
1695709653
1693414636
1674111479
1665938024
1659132732
1646982691
1631084674
1619587652
1619300653
1607267272
1604898289
1574249758
1565321312
1495934156
1879111547
1864503760
1858439281
1857596322
1854664286
1850111221
1847072147
1846874286
1845035808
1836805905
1832601493
1829222610
1824955357
1818463330
1790870821
1788422172
1776871304
1765133250
1764054914
1750291262
1734986677
1713546367
1713060307
1710833360
1650352214
1650136795
1642749290
1629142123
1549787537
1549010190
1525527509
1416645646
1410272818
1340185077
1897931156
1896631161
1895840415
1894904170
1888248681
1876146504
1874112692
1871157834
1864956100
1863359784
1862990820
1853354172
1850245499
1844625106
1842531347
1839808299
1832843872
1827638089
1820847010
1814733700
1804569943
1803387055
1796095008
1787413936
1776415697
1774540157
1772149554
1765190237
1764894260
1762111400
1751889844
1748594120
1746870517
1736388841
1731235682
1725097393
1715808605
1708698452
1672840407
1662148597
1659025232
1648844071
1646840280
1608349650
1586301668
1558928077
1486280745
1465249637
1885975982
1883363894
1882317249
1881376024
1880303224
1871449901
1862448952
1845768040
1830164005
1827411428
1821376608
1795529674
1782550960
1778380169
1771054050
1764354245
1758265302
1743027065
1733535609
1730935835
1730657046
1728061098
1711241640
1701606017
1700980759
1699532224
1695735690
1677461112
1659863429
1650554127
1471219434
1888616371
1874126629
1855079270
1839974876
1834864430
1831849480
1819615227
1812073779
1794109404
1789091050
1784141297
1776021430
1771048313
1766840973
1753661936
1749313418
1743981057
1728240516
1722265529
1718123789
1717694950
1632415130
1629350520
1616771604
1608887391
1513285451
1897145171
1861881104
1835772581
1786985021
1758663210
1744738787
1729842291
1726873771
1711494918
1677587140
1627540302
1553220009
1541285263
1503728255
1846286887
1836769541
1763128508
1762546114
1760890012
1736335708
1724497754
1721350266
1712495781
1703526632
1652608349
1798786151
1789354822
1783089739
1658711685
1536065522
688772029
722396418
1417751201
665229344
675625063
1217092869
1655081104
1242793254
1481483368
1265998741
1796471615
1855956348
1461099653
834591065
1126657954
1089415063
1793198334
664333737
186841160
470464053
1867826545
333548199
1714184294
845901808
1368184627
790454747
1885836228
1734592779
1734798256
1804182966
1449354571
1677027521
1730714503
809971662
1602428230
1670529750
1753870587
732907811
578408458
1853338944
928606797
1832991504
1885663823
1027390085
628507680
1036032299
1764842165
1710508611
1494292773
1264534374
1827202843
657485597
917026973
1736280301
729182864
1333159928
1495373318
137280677
1712603635
1498669746
798293182
1809718231
747548746
400423744
1824957431
499555465
1391356837
1159557250
488368626
1187230383
1767700480
1524911219
1110041241
1722902157
1743530280
1649937220
1201757567
1662551419
907227734
1191230262
1603021135
1314763022
1066565025
1661568715
573121078
1869902394
1463264764
1316165174
1460275957
1333156031
527045525
1641826141
1605528200
915326355
1654308034
654853497
1385672309
1473676980
1627722665
1809181289
1732336484
1839607242
1832148739
1853910932
1698999422
1844187327
1796826255
1609123740
1635313710
1860216716
1669232880
1741128261
1285479170
1732859126
1649864144
1056512154
1686529689
1791401856
707377720
1618103334
422141756
1774411233
1664506020
1085677087
1459940907
1825769297
741691379
1248493966
1564063904
1616369012
1738282861
1641114950
1381139802
885237222
404606488
815154116
1131950616
1046214198
1600953473
706690488
699746870
1850529766
1593505426
1032058610
543240467
1204168432
1804406430
1740041554
677288999
950684476
1692923930
1386429712
666531466
668568832
1378156632
734247649
1413159359
1078888978
1727790573
819023559
1853426965
833477858
1309967855
727524107
1693768463
733706610
1643429435
1483076630
1611030241
1460395978
1724199484
1337883626
1393423331
1251916581
1723592771
1756926797
1137397799
632402598
1635583547
436462893
1665567377
1427757142
1888072745
1676650387
1435142849
1199508069
408376175
1226280967
1065499233
610241024
1555690289
1031174852
1548197275
936487596
1670852012
1609737328
1745845875
872607221
510676409
1368648917
1124433258
959234443
1788257504
1354446795
552675014
1421468115
1297386858
1848857421
761944649
1454223227
1333946218
1771122221
1830356520
1698138810
705533015
1877130738
954532964
1553548586
834610884
1518549703
961246640
1877527348
1789061440
1599060561
1625355968
1457521911
1838277068
1175322968
1407648222
785288911
392237103
1271474212
864814493
751446990
1701146337
1728258093
1831887298
1745608306
1650039784
1742393810
710439051
1566541782
1643365921
1747594690
1505450480
986102337
1687172614
901729217
433448929
1874620451
749262407
730947686
1874284183
1460052102
1317132695
1402602053
1681411452
670514353
1887445642
366703735
800690685
640719978
1134926486
1859226252
821946181
1515521909
731084924
1409634546
1110062910
1514855664
1226808875
1866817723
1713626586
1264885366
1508053129
1724711078
1225272316
1716411879
1342403151
466619912
1596263120
1848754328
496376733
1717127964
1785357153
1629765176
1309461482
637924964
1432413518
1300628301
1373635338
964048165
1724998288
1617800407
868160884
1386285022
911387342
453718065
1354124967
791954095
804515624
1413160076
1423418199
1804017817
1719961001
581812078
1467552355
1317600670
1756612999
623281817
604368094
1781290699
1143490434
1225799188
1835175033
1119894867
945646788
1065993268
833762799
1612696782
1402646321
1732699800
1368691529
1344731151
1674967892
810386302
393255266
1672118585
1254586723
621707704
1311294416
1731790303
580289725
1834688002
1661339131
1654654980
880905398
1715620768
1622633782
854419341
1836107797
1777960151
1303889894
1734894886
1868522732
1472561854
1528712454
1834338090
1850917988
1096696977
1357827960
1387954724
1705903593
1807688772
1769037144
1715100235
1666963308
640314217
1781364548
1427803091
1688052274
1499741717
598981874
572856813
1736615814
1673077986
628219499
1221631629
633715506
1185711978
1624159919
1042645506
1315398587
533107672
1537334680
1840962495
1673269564
1799305862
1819371822
1462994285
1681650840
1032995314
1842108622
1786286842
983999561
1864368551
739165812
1731707305
1805985275
1259237739
582463741
863597827
640754867
1607009115
1589286468
1843840955
1745144733
1897900956
1204453822
1576418301
1597674124
1676981790
770284147
1871553459
717988024
1204387366
1693747218
1592787364
1623132097
705066983
1712093704
1476322072
1486840584
1600095297
1823085121
1681031049
1620190895
760351030
733009402
933155189
1776651733
1719259307
921764453
923058947
1414482274
1590909259
435656111
746092755
1725374588
1782455324
1727569501
1487000513
845243220
1693184269
1469049032
1368329464
940705128
1732198850
641774927
1592239765
1374318382
760657757
1756310648
739217866
887792320
1737604111
1549325205
1790245695
1770802273
1253097264
401249204
1502764191
1754364218
1271153395
1682949472
1867439235
746818416
1730955190
647447771
771422147
1342217002
764226762
1341821118
529579904
933532320
832620295
767362085
858019024
1083104218
1846961506
1711477704
1879348754
1760170046
719723666
1607850593
1126545453
1773066355
1213997422
788078388
1370855464
463956518
1409698313
1684191444
1449992937
262597463
683634947
1427965788
1763011355
1358898772
1304571002
422697519
1814790155
1813869268
672306151
1624275825
1350218713
1811645680
373825912
1719072044
1728106979
863776994
706579440
1705239405
742724330
976158112
1852552010
462444824
1301678584
1703398366
347125831
1869034430
1719187102
1377337807
1704403112
1599717397
1718686742
1754262662
367320673
1389706087
1509203437
1747602483
1506464030
919644266
788101723
581151470
743095705
1501525576
1610363297
1803013628
1169281717
300866811
1651894628
1013949688
1336532059
1452543183
1225806410
1197491007
1715762235
700293750
843424384
947547672
1033966249
440066115
1651381922
1722604401
1895210713
1615690139
1518008994
904247226
1881509498
1492283303
1522038090
1632398245
1705569553
531767074
1470385740
1626545947
875265450
908580598
1236486201
1295691832
1436004096
888989988
983056136
609358091
1878440091
1632241231
1512518522
1084311851
690786957
1843101621
1272597044
1449061136
1302466499
736294583
1877259917
723823618
760119411
1819549308
1707720478
1633972783
1722552584
1403941249
1759573507
1202011539
1886465221
1676196149
1695514017
964759868
531117644
1853432906
1752127633
703361885
1660531274
1071164251
921813456
698671368
1227924157
1776906686
1661815644
1626092624
1357616539
1773012065
1551317040
1791242923
1390710861
1412989511
1313815891
1059961920
1577660681
289270159
1710641139
1201497575
1756357417
1660804743
832752734
1766057129
1741337968
1717487558
1629392403
1463717949
985275177
1372943004
1041392743
1148667880
1673041159
810352284
381113786
618501090
1648963858
1033338579
1311871883
804915855
1157803293
1881980747
1861778411
1881843853
938825293
552744301
1197760864
1406796204
1717854933
1118707479
1339140421
381627153
1216809917
1248327078
432760180
300625010
1356750464
1789357546
1305229788
1832664248
469512871
1707686596
1833677787
1532633854
1634480054
1728404906
1331103379
1841853733
1748191287
1237228110
678946082
1774173901
961180095
1851592345
1626493692
1812802658
1099323423
1295956620
1729059689
1279455270
403068816
1884988341
505889615
1509214269
513877076
1470973925
1630199959
563271692
519824713
1889270272
1170812080
1267447469
1863073691
1758908472
1753457848
1795332123
1062194637
1302961393
1825412679
1258324648
1749369903
1896462570
1779493768
1805133487
1530539824
1824150937
335204901
565627282
1875707476
1112573020
1617948870
1474382484
1687686797
1143418307
1341082071
1773975792
934106295
1785415180
877085846
1298628502
1347603887
1784892439
1474799475
1726149661
871547424
1704152222
1669754631
1197054299
1757634906
505496448
993531538
1774518368
1849228498
875151183
1466382370
1710772411
1899694723
662860078
673707921
1886217954
1622150713
1184724534
640267805
1735460181
1849501377
604607027
1706147831
944215634
932587791
1470586994
1663730688
1608270673
1737899267
1617972987
1531998634
464662423
676283251
1749671399
1653592287
1504442956
1747579613
1761072063
865068846
1801287561
353828950
1050593077
1720185029
1825949566
1618862084
1408626338
1714765279
1065571708
1656112944
1822685426
425762750
1037518839
1603479211
680569180
1718937955
786631048
1707866772
631447803
1749630576
582029684
1609492549
271404770
1815809386
1797671648
550153086
1033038577
1879517689
1387209827
1827703043
1281550103
1014081071
1790209774
777545390
1805164837
771879328
1426077961
1049401508
1660344819
1427221066
852872790
1508256604
1677881365
857724424
868417042
1084702670
1576169603
1777872661
490054528
1884839322
1389671966
1887783151
1588653094
782015883
1487704982
1418947421
1266025832
1630196728
1714867629
1703541280
1846115180
793959846
561846270
948746449
466741449
943655434
1882883777
1807410874
1499412120
1726331272
1849122008
687227816
903562181
1772693553
585508372
504660576
1756902811
1643948488
1884298013
1679692487
1334195366
1891058626
1727068361
1096875804
1870604858
1472703281
639660864
1572103681
1304580415
1785621951
1771805463
1405880146
852943626
1273921900
529533395
1670724662
736294809
1824951801
757470830
877363843
854898012
346262728
1042435592
731792435
899964398
1781745195
1579312682
1817669173
667167128
1712403230
1039087309
1738000372
592975152
1611509553
1443434449
1302442121
1757457776
531714047
794443502
1478873404
1779604771
1656403556
1760119579
979171257
739093601
1741865107
455690417
624926598
1195379355
1795348687
1691655520
935399379
1253708088
1625220676
955564472
800413275
1832794378
1739099942
1498133050
1774924904
1246016895
1360363549
1475217241
1684839131
1830887389
1756822611
926842583
782978010
835406646
1075669775
716346919
701697428
1887353035
1704949430
1698118354
1736240684
1818411932
1414359627
498808367
752774047
1547450873
607842570
1393018457
1401822067
1807271134
1730259060
873520711
1482497168
1457749133
833908325
485872694
1672044825
539012768
1773655186
1309107374
1476441954
1314669372
490680166
1013240257
1406222644
1873140866
478471443
882042250
462014033
710656609
1109077310
514023045
1360759747
814569440
1543183384
1426748392
1665407480
1781845436
800435853
639082231
432804457
1893368277
1598474014
1308293502
1537348658
836500963
1896412823
1824753465
1640791084
574117427
941629664
396729231
1530022525
1784566588
386847426
1513066387
1563248453
570720393
1664241177
483606549
1319878853
1843381370
1521367607
1652686553
1669151336
573390014
828898691
1756490983
1872613797
734593885
1700883966
1260357741
1859879612
1524018767
961439782
1612770877
730822850
502922682
1041690616
1602883734
1428867665
1710917467
1596867590
1864012854
1840675884
1833643962
1769564696
1342785746
796004889
888100979
1243991770
1707643501
1199381798
1623094594
716398369
1750239574
1288476093
1861556324
1299635789
1849817881
1819961659
1390222299
1774239027
1379886934
943770003
1899890468
1609183198
878891978
445611999
1738097117
188318059
353640338
287018492
723147662
1697116465
1761014051
1725496440
1286761074
1666987531
1836883551
800377331
1473826339
1757284401
337104004
528516342
1203391173
1666961407
963056278
1487096152
1424463516
1810959507
1479553278
1535715882
855858041
1724516110
1706063469
1758160619
1891478185
1847447458
662210307
1518324523
1056517040
606076265
384643315
647832698
813549763
1445752227
1841031978
749993669
1449776299
921180330
605494555
1391941243
1456884992
1379071630
1895389733
1897371489
1498873332
1288331603
1510482718
1848630921
1712113657
543625752
1339379136
1784250812
1690286080
1767156452
1894706853
1402588851
681030611
1395488662
1608814962
755843448
1796665398
1893346646
1346155660
1724717483
1790076532
845338554
1122603620
1671172720
593517014
1467067849
1839066617
512492725
410683324
1127244955
1454575032
969116952
670525219
1752509082
497952695
1252701042
480750579
1382783962
1579077129
1871489142
1724504485
1782385124
1291631523
1732231198
928443730
869898711
1872991231
1809154975
1029706855
1863023322
1851215297
988648466
1235651800
819259465
1477965872
1759188746
1787553039
1758465931
1777127950
1724902365
658159820
1088437223
298692989
1801478080
1822443486
820120005
990906093
1308858155
657808413
532718979
1795360196
1134906870
1846008819
613043761
1724397109
1753915210
1712508783
1245770323
1018678139
1023840475
1738017588
1131415431
1059026847
1734096579
1306452588
855655528
640990283
1775380211
1028603033
1788652788
1451590156
706972807
851066017
1316197390
1746380977
1413826447
1139265938
1845999255
1582679937
1580483818
1708999509
1848577717
1136617964
1769086903
1469686760
548650802
1094871138
1724366949
1617039080
520677719
482458191
1831257059
1677480031
1317410683
1669364351
372205782
1798486309
1636791069
722113632
962868711
1606888834
694041203
1878353970
1858222209
1610259295
609452299
1606350171
1578952206
830063656
1139123556
1164118874
984805849
1460646008
1014929168
1375597127
1627509381
1318230958
1603071841
942481770
687387602
1475295476
1735266435
1838930888
1367255870
1743383924
939873929
529400600
664876592
1670862958
930367926
795410869
1618935616
1407116835
547718372
1399371317
1785004150
1606242443
390810108
987294123
1277302454
570218199
1499688272
415312938
1450626667
1630588169
1458641667
933390871
1748536469
1844270702
1535024421
249156906
417206383
968687988
1858562646
1711116124
1742012724
1525066790
1377966208
802367362
1815138752
1191096441
1497376748
502032237
1772022433
1826921539
274037972
345433761
1547959555
1755515389
1772508881
887174722
1358063195
1124852089
1136320368
1439328739
1724174248
943019604
544459422
842424627
1552943691
1016926844
1325569781
1377619221
1546280043
692566227
1777613039
935512497
809614514
978686502
1717805308
396115157
1530112382
1152441341
1244592025
1639767649
709240596
1649015315
1761154168
1638194108
879234818
1423245600
1082902094
498658503
1298294682
1806659436
1708919761
1398320809
1701125852
1849087812
1759909549
1666861786
705480813
1398843424
962285178
1727653322
1749465125
1771484694
183904116
1843911329
1307055315
727540672
1142367683
1180998746
1824717167
696143115
1705080814
859604115
1119264459
1858920239
1137940363
743510411
537651876
1356647994
732852567
856489604
1463591472
970232664
1239803213
1486413258
471174238
849274553
1844115991
303225367
1746755564
1016375461
1743210310
1685347893
1318764536
1738780557
1066367077
395021039
1602791354
955902369
681660496
1653061008
1473014258
496672458
1621545952
1792428419
1013167849
1797971867
1671426964
1097598634
1630480214
1131867349
1314284271
1317336179
1625619162
1555740908
1454038661
1724728939
1700435034
1840409959
1054200371
1101687128
1425251223
974469111
893381552
1783965431
812595694
1750509925
1816361214
1587903180
1662604647
452895183
1811050985
478608853
335177082
1481576823
1148317372
490550702
1346806052
1759645171
1654176813
1435050419
1145935758
875354836
1845948476
1330988959
896992272
357356459
1711102760
1496669068
633022927
1708804649
1380479945
1563739634
1869322828
577858197
1634193855
659551422
744065112
868930546
1876168294
1885861976
1494029264
1871502260
1611113452
1243541875
1683010787
1814571007
1676711610
1483830950
1894674870
810551923
326070449
583742854
1438923695
296260683
507923931
1613788961
1871342816
917301767
273498162
780808391
266699897
775331958
1787323516
1040170321
1197861007
898282479
1362417773
873468395
1632830787
1790228741
1381100665
761217622
1517351107
1455829864
1336988156
1748894721
609953351
1171242322
293832013
1841153540
1798534491
635957395
1370120876
1502464158
817797702
1006222049
1784005915
1087751272
1703406527
511483690
385449555
943736154
953891670
494164080
1436231978
708717382
723999805
1769399983
1026569240
1465416020
878183411
1770652720
632112815
1390590451
918123927
1772912394
1811485629
819109585
1707616775
353403148
494784302
1869977722
712815088
1794023269
1739952529
1815820670
1744076612
1315247436
771632862
377138829
1711941174
1427146984
1759437629
1459144677
1483358213
1648146374
696765022
1754172245
1795480243
1858753840
1764519858
1067661223
1816062066
625543913
1840681552
1216271855
587572278
903530497
1531531561
1649621517
885043032
751991163
1708739162
1588469571
1717556451
1087876039
485342552
1777271625
718670767
545035566
1718715761
1774825812
1558737597
421597331
476997252
1192870091
1886572211
819438360
705368404
609851293
1720557536
1470512726
1176929063
550352039
1612286300
821297601
1731152901
1811110957
1783872955
1869605067
844962550
805913442
964690426
1743512386
1649298461
812075531
606223589
1734038270
1105943056
1681028972
759416792
826506290
1642932972
841303969
1848549493
1882011326
601748800
1625135265
1701453975
1645339645
968290826
1865385022
1745191646
1800149901
1658098251
1832526634
881315204
1707206802
1670692694
865557866
1840825193
1589648371
1833469257
1428053723
478218634
998824852
1845989062
1670379495
1406650131
1625294115
924747574
690156154
1869776912
627775680
1610546850
1711044227
958346445
455664329
1512487333
1843435196
1728826983
1812499545
487935928
894730713
1678556170
790075066
652460121
643751991
672228790
1583782455
1363044976
410270065
1827291154
1888830822
1713873160
1607089618
1262237467
1647839689
1476465607
1429870209
1633360577
889794904
987809765
1112929587
1147714758
1356295552
1553955726
1871590366
729616608
435389790
1608219502
995947395
555543467
1201427217
1556933113
624835994
1880824649
244543581
1864940859
1557650023
607477081
833062813
1863726698
759808442
658435411
1800539938
808500707
1698347344
1667462294
1434215489
1353419338
1708805796
1788622180
1486280265
585232481
1170649885
1785296878
1597528178
1880143893
1754145840
385272357
1715317371
1786133203
1389797279
624585265
937366746
1624113402
1141675233
1862231008
653369247
1660274435
1864060567
1867422207
1825178497
691064920
393525133
1549669662
662986657
1775101657
1729670312
992064990
1550251921
1743740790
988286004
1389777977
705242017
559060215
598993681
810371351
1094743838
897159529
1075321217
1766447335
763579803
1451237617
795079946
936151733
414338923
157427062
809343530
496611816
1032590546
1807013683
1743185728
1270938989
872467118
1699855357
1359423012
1616944539
1479108316
561827771
1670923783
666288529
1373776242
1805233036
686446743
1503114312
1636005830
1015770108
1187528965
1016512891
1821312114
942250275
1637221964
1718303867
1765223356
1870886425
1756513154
425481947
1082283117
1738553384
1700899277
1781381086
868887894
1762178462
525248854
1702346300
1484707537
781602538
1417175260
559205791
1878139039
1616751230
1764171024
732448338
1839700455
1863576004
1855173700
1127419347
644593053
942359142
1809711771
1605121984
1884169971
1567723908
1181939891
434274520
997342452
392758420
1670348383
1878410592
979698867
1842475127
1727528332
1779919002
739154817
1811582917
1128511505
1656930420
924078022
1835404397
767838808
505792160
1705866767
1316292667
1280145551
1397074259
1243763165
1730461963
1122842988
514678041
1787457020
1658978897
374237707
557534922
599663360
1752990830
1873207498
1648338975
1876748300
1815432120
528560273
541231170
1883361831
1720354658
924325431
1162390586
1183858332
576187743
895902063
736572820
679487106
1722354663
1358192902
1648645160
1450690001
1694203140
1761838141
1631030924
608599352
1874216183
525945337
876135213
1879074120
1448478259
1761463237
1754159317
1456522943
1366136195
1457127908
668670224
1449270039
1424320543
1792689815
1408800945
1808566780
1141549312
1789525291
1838537372
1321877763
725569316
1805230642
1661732209
658981258
1310773096
1483178503
1821466525
653861506
471572388
1602977844
1201900847
1417914004
1515034296
1399026769
420493334
1890212746
1347154663
997002452
1806984579
1564026590
1652019476
795362733
963698135
1524428126
1708153676
1361001077
1469787223
833688869
1612721902
953021501
289199467
667648422
1630819413
1760456910
847902635
1661681369
892575565
1482089773
1397312475
522918358
1211920711
1458575394
681059574
1542569888
931540218
1542261728
1616662757
1091658741
1720154848
1708756702
932683613
1237132570
1856985611
406240444
1769130239
1457412561
1049681304
699863270
1342944018
1681974025
1666824386
1137407156
721401069
1783745837
1443813336
1634616876
1886573879
1723341937
1875613460
1735993327
1719766450
1866874457
1262232291
1743603108
1207898111
1773247273
1119393353
1700103904
1810258655
791437582
1620008402
430594930
1754509725
874282423
1235588025
1878006735
1094096981
908657024
501713038
1362743853
1863615966
1419432430
1539983027
913193382
1875639387
1607260842
1438382422
748422849
1317654807
741696309
1755617437
974297629
779899086
317594771
1801292179
1701764978
1019167518
714802313
1571535079
943243247
945055364
1260619776
1174608991
293310242
1140375581
993117127
1829797396
1097377169
718132494
1870936003
1869588857
732149936
1717986377
1803785223
1160385852
319382399
936157353
1790427385
1592777439
1409789079
1899706309
1139750156
711209015
1650978008
451333382
1447196562
1061788557
1071127695
733668344
828898567
921604209
1478925054
1084616769
993950142
1758022623
1146482841
795097734
758727961
1314476474
814757480
583121937
891123836
1184965619
1778138411
1586010660
1249247556
1142349664
821580794
1367788384
878180632
1474883380
1794906045
1661310248
1314039875
820436322
1874790100
1750455174
1724897085
436183335
1237319133
879816464
1009809849
1602037695
1221477060
748662185
462220814
1759406674
1649626679
1025487855
1424300884
1815894278
1812435199
1058095689
1645810884
581082254
1807987162
1273865518
809570622
1083043986
1794087518
1718524274
1432541056
638594335
1795771048
1792291006
1632454248
1158009211
1754624358
575130846
1702463236
1118826870
1740928510
1897028934
1791388139
1598286899
427703900
1867813792
1510489739
1603224310
1581549160
571424794
1682610343
310963549
1734263621
781966648
979325255
853701388
1799631352
1431708591
1646734259
1355225295
1666715774
1899785020
669085297
1538945837
1569134217
1722283156
1446393506
1848270153
1548615872
1472920325
905145796
1793757614
785590717
1010956931
1409431005
1046878575
1366676097
697389090
529127519
1452117128
1364073812
790396268
972326182
1718810641
1701269628
572237934
744018420
1787966031
381193336
1448241602
1080363526
445074925
847602079
1454121762
894778690
1444714060
1469514217
350916522
1865888484
1662879266
956068989
527032021
1878309496
1877506410
743870984
1492879611
1696039243
953009541
708198697
1749762211
920398102
959328664
1184479887
1587450823
1066791913
663878420
1737643349
1112668960
1802907845
1758416805
447468859
1712768083
1775499787
1232050035
887514507
1431086004
1880680335
1805161983
1791388462
1028173716
1777506764
1335538801
1632135269
1756354855
1764246676
548876208
1709543650
990214023
852916253
1719499599
945401997
1822265651
1888131827
726748591
1650932467
1009545609
1697037865
250146341
1783930046
1891076350
1708490802
761447373
1205353643
1324904816
756863382
1477540554
514612603
1790941935
1441319098
994372509
1764550791
1567871324
973426152
443435767
553283494
1262700601
491270206
1771881045
668667183
968305772
1779909412
764909280
1759066940
1821249880
677620312
575339694
1300747224
1610126034
1737892759
612518142
310815018
1138705226
677722602
1516827170
1017078414
1160961415
1445363714
1680464380
742956959
884824713
1037819112
1574405596
1760473638
1031975103
1357373856
1403134531
1788211542
1299025798
1731978846
1132959127
1459741720
1755609725
1683237601
886950148
475600462
1007707853
1885763656
1843413395
1465294277
1502945576
374526453
886953785
620703432
1747413916
1639402517
1660798345
1737503932
1575061151
1285956695
1314989726
1566256059
1119452642
1774779207
1124209554
784715019
384409096
1003213678
317662056
1685335646
1616663165
1740085568
1159489030
1053097072
951378258
425494607
1398035896
1894056822
421835830
935953202
1556616680
1730024701
1560511955
780608323
1722304236
1778151859
1701720412
1035301189
1708735202
1686482876
1399225755
723466316
1090032189
1468231139
1747012085
1097437513
1770779827
1733473494
1082640276
1703357071
1182426444
1664217626
714577551
1830800200
1696442519
1798694094
1707195331
1327306154
327159748
1665379005
193228572
1458273741
1296315614
1446871348
1817625640
777771762
1041623290
490182683
1769485002
1653286601
1495345562
1795380997
571156993
1750497042
1150452827
1893007347
1669264361
1479213807
1714143327
1175502670
1893215044
1754611793
1654658070
1454689518
1241251120
1501654600
239517208
534596798
627501325
735458401
1664067278
1695642391
546289582
1788248622
1046350068
1681072807
1325303148
1056613397
1475730590
1735989976
464510112
1555520130
831868740
589115548
1256746182
1411271567
1605115001
544324727
1321322716
733914604
1605108580
1341388293
1427895293
901774171
660563226
696675744
1345264873
459924464
1353048581
1426105642
1790722338
1260440809
1763672272
735714057
1649309750
518918613
1270458032
1784391358
1382018898
1204116550
589662065
779334396
1625618585
645933465
1388330262
958152390
1342911296
1327289662
1666505927
1213840896
468429875
1771049845
1632122834
1199628731
1689406884
1067262411
1596810481
1625705970
446453154
792365985
1352280714
1338434465
1320571885
1652594128
975786018
742037721
1496955942
1655066589
1574933394
782668193
445488907
1352888294
786912034
1072855868
1546693425
1624313390
486593821
919675783
1322901404
330406486
1293728222
1791236189
1743701593
904893340
980423446
812492186
1489251272
1655122288
1654058576
654044002
1429198048
1730698184
1522164920
961145889
1708478989
539084526
1769102233
1753864389
1614438178
1772492042
1694439033
1452177754
1187411504
1768736090
932524564
1705921395
1412149656
1754006495
1757053830
737710449
1790969638
1431995857
845694094
1367329130
1077700948
1372861523
744198278
724244828
1633312766
1510136802
1556894814
1532380266
469104908
956803331
880582590
1317975015
1351338713
1210752097
1701164424
1734983368
833370860
1351199743
1558133574
1691583538
1685511488
1740654036
1551463691
1608656975
434932575
1333086004
710778698
1647930671
1684519103
1500553560
710452636
1070247579
1501773809
372826528
1759696373
1512095818
1689977718
1679827156
553552079
1743868005
1302569177
844965198
413420907
1608792861
1716406710
1742772886
1436812784
1395925045
1445438083
1430529496
714216918
719878996
1184298480
1410033674
751868530
1350378658
864699611
916138191
1726611757
1230199338
1742623547
273571513
1578030101
1735703753
1051550924
1470907229
1291609574
1682782299
1440754272
1752617203
945739537
1696892282
1293933086
1771789140
1757791727
677058436
1018507302
1779452767
1167872087
944998032
1667924094
1120908430
1114547944
1615712430
1452744558
395653449
1594408343
750531395
1506864733
1652241143
1645360618
1174497376
1370510595
490403851
930836665
1627270304
449076002
1179743292
1236069667
1774460563
1675230906
904846860
1751173087
1621039328
863870794
1207963864
1281699824
851292979
857192275
1504242206
1135670945
1407833991
1364688675
1521435371
1337534444
1376564400
868516055
731637934
999953786
